0 0.374402 0.507590 0.045492 0.052403
0 0.626973 0.858465 0.113555 0.155292
0 0.506281 0.422493 0.105984 0.080181
0 0.651172 0.433021 0.125156 0.081181
0 0.258871 0.549583 0.041852 0.067778
0 0.571094 0.521250 0.046406 0.038056
0 0.568043 0.476222 0.054211 0.041444
0 0.424891 0.561507 0.051187 0.070319
0 0.469535 0.970090 0.104055 0.059819
0 0.262930 0.940181 0.090859 0.100583
0 0.221348 0.395326 0.016758 0.023292
0 0.709703 0.551840 0.060687 0.062014
0 0.821996 0.559021 0.068773 0.055764
0 0.301055 0.650069 0.051656 0.093056
0 0.332496 0.536979 0.043039 0.062375
0 0.778430 0.655236 0.084578 0.071583
0 0.800590 0.506889 0.063258 0.047667
0 0.682031 0.497563 0.052500 0.052875
0 0.955594 0.604542 0.060469 0.071000
0 0.251188 0.402118 0.023312 0.018764
0 0.283594 0.404382 0.026203 0.023292
0 0.302883 0.420243 0.019656 0.014875
0 0.364391 0.409562 0.023297 0.016819
0 0.389883 0.427354 0.030547 0.018764
0 0.344918 0.430590 0.026570 0.022653
0 0.275770 0.488507 0.039664 0.042708
0 0.321262 0.476861 0.040398 0.034944
