0 0.401004 0.677424 0.060992 0.114903
0 0.443539 0.502944 0.049437 0.066778
0 0.657918 0.699174 0.088586 0.113542
0 0.544996 0.502125 0.044727 0.050056
0 0.308668 0.521285 0.039961 0.057486
0 0.467348 0.438743 0.040352 0.050375
0 0.628617 0.510549 0.052250 0.047597
0 0.920125 0.651618 0.100234 0.102764
0 0.766156 0.642278 0.077375 0.085111
0 0.597602 0.826569 0.094047 0.139778
0 0.495129 0.628722 0.060523 0.102194
0 0.647605 0.568819 0.057867 0.035972
0 0.418867 0.434785 0.039141 0.028347
0 0.369816 0.587653 0.047555 0.076750
0 0.880258 0.931986 0.161672 0.136028
0 0.704461 0.502632 0.057797 0.050653
0 0.543270 0.456319 0.049070 0.032361
0 0.531504 0.580194 0.055117 0.059889
0 0.374195 0.516924 0.043797 0.051653
0 0.331449 0.483236 0.038320 0.042667
0 0.380512 0.477229 0.041273 0.032236
0 0.258152 0.479438 0.037492 0.043347
0 0.250324 0.441917 0.034945 0.034306
0 0.262648 0.413681 0.020531 0.016250
0 0.295383 0.414292 0.027031 0.024333
0 0.347066 0.420472 0.032352 0.021778
0 0.219012 0.404563 0.020680 0.019625
0 0.238281 0.400799 0.016922 0.015458
0 0.189406 0.393264 0.014562 0.010417
