0 0.397695 0.445347 0.033203 0.024583
0 0.325586 0.423750 0.033828 0.020556
0 0.308223 0.468056 0.038086 0.033611
0 0.276160 0.487083 0.039352 0.039167
0 0.239648 0.530694 0.034922 0.042500
0 0.480164 0.609556 0.066703 0.095139
0 0.377305 0.617431 0.056641 0.095139
0 0.594336 0.457222 0.031641 0.039167
0 0.555020 0.463403 0.057461 0.060972
0 0.965617 0.707667 0.064375 0.065278
0 0.762918 0.409319 0.037430 0.050444
0 0.462691 0.949444 0.114289 0.095083
0 0.497332 0.481389 0.042758 0.038750
0 0.686523 0.742688 0.090188 0.116347
0 0.271941 0.832722 0.080508 0.161889
0 0.275813 0.707993 0.062688 0.101264
0 0.608117 0.889674 0.110719 0.182292
0 0.768801 0.568944 0.067367 0.067306
0 0.814422 0.519597 0.059906 0.057917
0 0.772852 0.652861 0.078312 0.090583
0 0.635223 0.557438 0.058961 0.051931
0 0.319883 0.404722 0.019141 0.015000
0 0.193242 0.397403 0.015078 0.017250
0 0.266328 0.405153 0.022500 0.019694
0 0.240332 0.407861 0.023320 0.023083
0 0.428398 0.435764 0.038203 0.028750
