0 0.423809 0.421687 0.037070 0.034153
0 0.567148 0.448194 0.040547 0.028056
0 0.561484 0.490694 0.042500 0.030278
0 0.189961 0.394375 0.018516 0.013750
0 0.230273 0.397535 0.021797 0.025903
0 0.254453 0.402778 0.023125 0.022222
0 0.294453 0.465139 0.039531 0.040000
0 0.344844 0.492847 0.039219 0.039306
0 0.860273 0.697778 0.099609 0.081972
0 0.238785 0.521167 0.038523 0.063167
0 0.308281 0.529340 0.043125 0.072653
0 0.632348 0.559028 0.052195 0.043056
0 0.663594 0.523257 0.048281 0.042347
0 0.434492 0.896944 0.106484 0.202222
0 0.598359 0.639236 0.071875 0.087083
0 0.342148 0.408889 0.025078 0.016111
0 0.335219 0.427597 0.027969 0.021806
0 0.830715 0.612056 0.071617 0.062139
0 0.382117 0.624201 0.050766 0.077236
0 0.985582 0.636264 0.028383 0.087583
0 0.507133 0.464465 0.040359 0.037986
0 0.273965 0.839493 0.085648 0.135764
0 0.853082 0.942514 0.107055 0.108250
