0 0.231625 0.466972 0.032219 0.032778
0 0.237320 0.439632 0.033703 0.024653
0 0.270598 0.437431 0.033852 0.021528
0 0.255547 0.400208 0.020469 0.021806
0 0.267484 0.414188 0.016672 0.013986
0 0.302383 0.404653 0.017266 0.014028
0 0.227066 0.406076 0.020133 0.020125
0 0.324937 0.444174 0.041125 0.044708
0 0.371719 0.440979 0.020938 0.029958
0 0.990824 0.642319 0.018023 0.057972
0 0.438078 0.582187 0.048578 0.062819
0 0.623305 0.679708 0.078016 0.101861
0 0.552844 0.472118 0.052297 0.055625
0 0.262273 0.898542 0.121719 0.191667
0 0.616543 0.497646 0.051570 0.059653
0 0.736105 0.518403 0.052773 0.050639
0 0.700043 0.537701 0.057023 0.058625
0 0.476270 0.632667 0.059898 0.081889
0 0.772496 0.642639 0.075945 0.098611
0 0.841145 0.613125 0.075570 0.058194
0 0.284375 0.625569 0.061562 0.103528
0 0.291520 0.503799 0.038055 0.049764
0 0.464465 0.454514 0.036164 0.025139
0 0.515586 0.430576 0.045391 0.037181
0 0.663070 0.468750 0.047312 0.031389
0 0.385883 0.483437 0.039109 0.034375
0 0.380035 0.513674 0.044289 0.056069
0 0.276199 0.463750 0.039586 0.028056
0 0.462203 0.521736 0.052844 0.054861
0 0.543691 0.581826 0.056602 0.082181
0 0.328305 0.540139 0.042453 0.061667
0 0.407637 0.447285 0.026445 0.025153
