0 0.936516 0.692208 0.085641 0.076556
0 0.283852 0.774083 0.080734 0.153500
0 0.285586 0.631076 0.045859 0.068958
0 0.397305 0.656049 0.070234 0.134292
0 0.546520 0.582444 0.071633 0.100222
0 0.274727 0.589069 0.040422 0.059083
0 0.330105 0.543806 0.045055 0.058389
0 0.237246 0.519861 0.037055 0.049444
0 0.341043 0.494764 0.042555 0.042667
0 0.499605 0.487653 0.047164 0.046417
0 0.537914 0.437493 0.037078 0.029958
0 0.447805 0.464819 0.033688 0.032194
0 0.596523 0.529813 0.038641 0.048931
0 0.929129 0.608486 0.083602 0.075306
0 0.676910 0.580743 0.062211 0.066819
0 0.522504 0.693181 0.066523 0.116250
0 0.682719 0.721694 0.086203 0.128083
0 0.811191 0.676153 0.085023 0.082917
0 0.610254 0.474090 0.050336 0.051625
0 0.264363 0.410326 0.019508 0.027986
0 0.314766 0.416382 0.028203 0.024236
0 0.213965 0.434972 0.033367 0.033000
0 0.270238 0.449590 0.026086 0.028819
0 0.240984 0.465681 0.035250 0.040944
0 0.203152 0.476979 0.029133 0.045903
0 0.391313 0.438840 0.031750 0.034625
0 0.472863 0.427035 0.045055 0.031486
0 0.663152 0.476292 0.043758 0.030861
0 0.447281 0.573403 0.053781 0.065833
0 0.979398 0.580125 0.041125 0.071694
