0 0.384957 0.425694 0.015555 0.017778
0 0.329062 0.418118 0.020781 0.026792
0 0.289031 0.403806 0.019000 0.020750
0 0.201285 0.398125 0.022648 0.021833
0 0.213672 0.397500 0.016875 0.022472
0 0.440617 0.581764 0.052109 0.067083
0 0.447813 0.457743 0.046500 0.048264
0 0.491508 0.462472 0.038531 0.040222
0 0.532348 0.674667 0.070008 0.105194
0 0.499820 0.556868 0.065250 0.073042
0 0.839027 0.618604 0.091758 0.080875
0 0.722699 0.548438 0.064523 0.070153
0 0.364531 0.435264 0.035000 0.035917
0 0.432215 0.420139 0.031461 0.023889
0 0.515582 0.437222 0.046477 0.036667
0 0.835664 0.547590 0.077891 0.063431
0 0.244801 0.430417 0.038211 0.025278
0 0.625336 0.499549 0.050734 0.053181
0 0.595926 0.528715 0.047320 0.060597
0 0.254945 0.456597 0.032297 0.034583
0 0.249492 0.514542 0.043828 0.083972
0 0.340977 0.543194 0.042109 0.061944
0 0.288922 0.596319 0.081844 0.165139
0 0.352148 0.470347 0.043828 0.062917
