0 0.748547 0.577972 0.070609 0.064361
0 0.293238 0.778486 0.072430 0.150000
0 0.737738 0.492535 0.051555 0.051847
0 0.544289 0.733528 0.073797 0.110306
0 0.301063 0.596229 0.042797 0.074347
0 0.897281 0.460250 0.070922 0.064389
0 0.508844 0.566375 0.054641 0.063167
0 0.328020 0.541375 0.038570 0.062972
0 0.292254 0.506646 0.039008 0.062097
0 0.251699 0.551090 0.041086 0.049458
0 0.913605 0.577306 0.082945 0.086500
0 0.322051 0.417250 0.041477 0.034167
0 0.331621 0.486021 0.038164 0.046042
0 0.735473 0.792708 0.118758 0.172917
0 0.392227 0.634965 0.088516 0.187431
0 0.432125 0.509569 0.048156 0.063806
0 0.433652 0.569736 0.027227 0.055583
0 0.371891 0.474521 0.037484 0.040764
0 0.405008 0.415347 0.024391 0.028472
0 0.260156 0.486500 0.030156 0.047889
0 0.260156 0.454465 0.031719 0.034292
0 0.288555 0.436028 0.036797 0.036222
0 0.259801 0.407569 0.031633 0.022083
0 0.211543 0.401410 0.018164 0.021347
