0 0.623039 0.450819 0.049234 0.030528
0 0.631746 0.478333 0.046820 0.027500
0 0.316543 0.474167 0.041367 0.031389
0 0.323941 0.418257 0.029602 0.023653
0 0.273516 0.406410 0.021094 0.019958
0 0.304141 0.402222 0.029531 0.020000
0 0.199453 0.393194 0.025000 0.017500
0 0.484898 0.453750 0.032234 0.027500
0 0.556797 0.459653 0.035625 0.035139
0 0.391160 0.429840 0.032008 0.020986
0 0.459375 0.467569 0.039687 0.030139
0 0.971680 0.715521 0.056641 0.085208
0 0.614766 0.497743 0.051406 0.042292
0 0.281367 0.654514 0.056953 0.099306
0 0.323906 0.524396 0.044844 0.073792
0 0.244348 0.469194 0.036148 0.045333
0 0.263203 0.544854 0.042188 0.060264
0 0.350520 0.438292 0.028070 0.019361
0 0.385914 0.481951 0.047797 0.039458
0 0.837270 0.689382 0.085945 0.084542
0 0.559059 0.775174 0.082117 0.124764
0 0.502848 0.649896 0.069930 0.107847
0 0.825617 0.553174 0.072453 0.071042
0 0.765852 0.602361 0.068687 0.075500
