0 0.435367 0.437153 0.028234 0.024583
0 0.508070 0.445417 0.120984 0.128056
0 0.429312 0.498972 0.045188 0.058222
0 0.368699 0.508743 0.047867 0.059931
0 0.207566 0.481181 0.029711 0.052917
0 0.744680 0.559569 0.056391 0.054778
0 0.734336 0.620868 0.067578 0.062431
0 0.560852 0.513021 0.048672 0.042708
0 0.243609 0.466326 0.035656 0.049708
0 0.652777 0.516875 0.046633 0.038194
0 0.289469 0.501903 0.037484 0.041806
0 0.779273 0.545604 0.044672 0.039958
0 0.396125 0.691528 0.059344 0.093444
0 0.502387 0.554028 0.049195 0.056472
0 0.267316 0.539250 0.040164 0.069194
0 0.620637 0.550562 0.052273 0.055542
0 0.866848 0.720812 0.096039 0.097514
0 0.672000 0.495208 0.029625 0.016250
0 0.222395 0.426944 0.032867 0.024167
0 0.347383 0.430389 0.035078 0.025611
