0 0.575605 0.480167 0.052039 0.051056
0 0.718422 0.604090 0.064609 0.080347
0 0.850078 0.562396 0.061766 0.079153
0 0.785410 0.561993 0.099039 0.095264
0 0.306184 0.413299 0.020102 0.019597
0 0.528711 0.726479 0.068359 0.103097
0 0.812187 0.920153 0.156719 0.159694
0 0.778895 0.421903 0.039664 0.041111
0 0.250625 0.395208 0.026406 0.017083
0 0.211477 0.399653 0.026734 0.020417
0 0.408047 0.434792 0.031094 0.021528
0 0.373609 0.440208 0.032641 0.026528
0 0.258945 0.549507 0.039297 0.056264
0 0.264023 0.482639 0.041172 0.038889
0 0.452750 0.522639 0.049344 0.052778
0 0.345352 0.486181 0.044297 0.058472
0 0.483051 0.468313 0.039852 0.034403
0 0.613086 0.469472 0.036594 0.033000
0 0.480547 0.433889 0.034219 0.026194
0 0.385379 0.624236 0.058461 0.089583
0 0.585676 0.524792 0.048648 0.038750
0 0.454570 0.587201 0.056172 0.070347
0 0.274102 0.599097 0.041172 0.072083
