0 0.210758 0.403910 0.017437 0.019347
0 0.409402 0.675194 0.059086 0.113833
0 0.340656 0.542938 0.051359 0.061986
0 0.850840 0.694007 0.089523 0.083181
0 0.521508 0.653722 0.071312 0.110250
0 0.267227 0.587076 0.047422 0.076542
0 0.700340 0.598917 0.066695 0.071306
0 0.715336 0.513646 0.055375 0.059792
0 0.313867 0.415049 0.029781 0.041597
0 0.366016 0.424792 0.040141 0.047306
0 0.877773 0.645674 0.082687 0.071264
0 0.774734 0.870417 0.118641 0.148306
0 0.283848 0.682014 0.062539 0.112639
0 0.576289 0.483083 0.048984 0.052889
0 0.249871 0.909035 0.098727 0.150014
0 0.673480 0.960958 0.116477 0.078083
0 0.423703 0.540201 0.059766 0.059319
0 0.494793 0.551090 0.052852 0.053125
0 0.596242 0.463819 0.033656 0.026250
0 0.237824 0.519326 0.035227 0.049208
0 0.265031 0.483813 0.035547 0.040819
0 0.229961 0.451660 0.038375 0.036903
0 0.444336 0.461438 0.035547 0.031875
0 0.488691 0.433764 0.032398 0.033556
0 0.459602 0.445778 0.024516 0.029639
0 0.242684 0.406590 0.028055 0.021903
0 0.267133 0.397028 0.017437 0.014917
0 0.456187 0.604014 0.051344 0.077194
